bond 	830	76018	10.00	0.00	
bond 	832	76020	10.00	0.00	
bond 	849	76053	10.00	0.00	
bond 	850	76054	10.00	0.00	
bond 	830	76055	10.00	0.00	
bond 	832	76057	10.00	0.00	
bond 	849	76090	10.00	0.00	
bond 	850	76091	10.00	0.00	
bond 	830	76092	10.00	0.00	
bond 	832	76094	10.00	0.00	
bond 	849	76127	10.00	0.00	
bond 	850	76128	10.00	0.00	
bond 	830	76129	10.00	0.00	
bond 	832	76131	10.00	0.00	
bond 	849	76164	10.00	0.00	
bond 	850	76165	10.00	0.00	
bond 	830	76166	10.00	0.00	
bond 	832	76168	10.00	0.00	
bond 	849	76201	10.00	0.00	
bond 	850	76202	10.00	0.00	
bond 	830	76203	10.00	0.00	
bond 	832	76205	10.00	0.00	
bond 	849	76238	10.00	0.00	
bond 	850	76239	10.00	0.00	
bond 	830	76240	10.00	0.00	
bond 	832	76242	10.00	0.00	
bond 	849	76275	10.00	0.00	
bond 	850	76276	10.00	0.00	
bond 	830	76277	10.00	0.00	
bond 	832	76279	10.00	0.00	
bond 	849	76312	10.00	0.00	
bond 	850	76313	10.00	0.00	
bond 	830	76314	10.00	0.00	
bond 	832	76316	10.00	0.00	
bond 	849	76349	10.00	0.00	
bond 	850	76350	10.00	0.00	
bond 	830	76351	10.00	0.00	
bond 	832	76353	10.00	0.00	
bond 	849	76386	10.00	0.00	
bond 	850	76387	10.00	0.00	
bond 	830	76388	10.00	0.00	
bond 	832	76390	10.00	0.00	
bond 	849	76423	10.00	0.00	
bond 	850	76424	10.00	0.00	
bond 	830	76425	10.00	0.00	
bond 	832	76427	10.00	0.00	
bond 	849	76460	10.00	0.00	
bond 	850	76461	10.00	0.00	
bond 	830	76462	10.00	0.00	
bond 	832	76464	10.00	0.00	
bond 	849	76497	10.00	0.00	
bond 	850	76498	10.00	0.00	
bond 	830	76499	10.00	0.00	
bond 	832	76501	10.00	0.00	
bond 	849	76534	10.00	0.00	
bond 	850	76535	10.00	0.00	
bond 	830	76536	10.00	0.00	
bond 	832	76538	10.00	0.00	
bond 	849	76571	10.00	0.00	
bond 	850	76572	10.00	0.00	
bond 	830	76573	10.00	0.00	
bond 	832	76575	10.00	0.00	
bond 	849	76608	10.00	0.00	
bond 	850	76609	10.00	0.00	
bond 	830	76610	10.00	0.00	
bond 	832	76612	10.00	0.00	
bond 	849	76645	10.00	0.00	
bond 	850	76646	10.00	0.00	
bond 	830	76647	10.00	0.00	
bond 	832	76649	10.00	0.00	
bond 	849	76682	10.00	0.00	
bond 	850	76683	10.00	0.00	
bond 	830	76684	10.00	0.00	
bond 	832	76686	10.00	0.00	
bond 	849	76719	10.00	0.00	
bond 	850	76720	10.00	0.00	
bond 	830	76721	10.00	0.00	
bond 	832	76723	10.00	0.00	
bond 	849	76756	10.00	0.00	
bond 	850	76757	10.00	0.00	
bond 	830	76758	10.00	0.00	
bond 	832	76760	10.00	0.00	
bond 	849	76793	10.00	0.00	
bond 	850	76794	10.00	0.00	
bond 	830	76795	10.00	0.00	
bond 	832	76797	10.00	0.00	
bond 	849	76830	10.00	0.00	
bond 	850	76831	10.00	0.00	
bond 	830	76832	10.00	0.00	
bond 	832	76834	10.00	0.00	
bond 	849	76867	10.00	0.00	
bond 	850	76868	10.00	0.00	
bond 	830	76869	10.00	0.00	
bond 	832	76871	10.00	0.00	
bond 	849	76904	10.00	0.00	
bond 	850	76905	10.00	0.00	
bond 	830	76906	10.00	0.00	
bond 	832	76908	10.00	0.00	
bond 	849	76941	10.00	0.00	
bond 	850	76942	10.00	0.00	
bond 	1145	76943	10.00	0.00	
bond 	1147	76945	10.00	0.00	
bond 	1159	76978	10.00	0.00	
bond 	1160	76979	10.00	0.00	
bond 	1145	76980	10.00	0.00	
bond 	1147	76982	10.00	0.00	
bond 	1159	77015	10.00	0.00	
bond 	1160	77016	10.00	0.00	
bond 	1145	77017	10.00	0.00	
bond 	1147	77019	10.00	0.00	
bond 	1159	77052	10.00	0.00	
bond 	1160	77053	10.00	0.00	
bond 	1145	77054	10.00	0.00	
bond 	1147	77056	10.00	0.00	
bond 	1159	77089	10.00	0.00	
bond 	1160	77090	10.00	0.00	
bond 	1145	77091	10.00	0.00	
bond 	1147	77093	10.00	0.00	
bond 	1159	77126	10.00	0.00	
bond 	1160	77127	10.00	0.00	
bond 	1145	77128	10.00	0.00	
bond 	1147	77130	10.00	0.00	
bond 	1159	77163	10.00	0.00	
bond 	1160	77164	10.00	0.00	
bond 	1145	77165	10.00	0.00	
bond 	1147	77167	10.00	0.00	
bond 	1159	77200	10.00	0.00	
bond 	1160	77201	10.00	0.00	
bond 	1145	77202	10.00	0.00	
bond 	1147	77204	10.00	0.00	
bond 	1159	77237	10.00	0.00	
bond 	1160	77238	10.00	0.00	
bond 	1145	77239	10.00	0.00	
bond 	1147	77241	10.00	0.00	
bond 	1159	77274	10.00	0.00	
bond 	1160	77275	10.00	0.00	
bond 	1145	77276	10.00	0.00	
bond 	1147	77278	10.00	0.00	
bond 	1159	77311	10.00	0.00	
bond 	1160	77312	10.00	0.00	
bond 	1145	77313	10.00	0.00	
bond 	1147	77315	10.00	0.00	
bond 	1159	77348	10.00	0.00	
bond 	1160	77349	10.00	0.00	
bond 	1145	77350	10.00	0.00	
bond 	1147	77352	10.00	0.00	
bond 	1159	77385	10.00	0.00	
bond 	1160	77386	10.00	0.00	
bond 	1145	77387	10.00	0.00	
bond 	1147	77389	10.00	0.00	
bond 	1159	77422	10.00	0.00	
bond 	1160	77423	10.00	0.00	
bond 	1145	77424	10.00	0.00	
bond 	1147	77426	10.00	0.00	
bond 	1159	77459	10.00	0.00	
bond 	1160	77460	10.00	0.00	
bond 	1145	77461	10.00	0.00	
bond 	1147	77463	10.00	0.00	
bond 	1159	77496	10.00	0.00	
bond 	1160	77497	10.00	0.00	
bond 	1145	77498	10.00	0.00	
bond 	1147	77500	10.00	0.00	
bond 	1159	77533	10.00	0.00	
bond 	1160	77534	10.00	0.00	
bond 	1145	77535	10.00	0.00	
bond 	1147	77537	10.00	0.00	
bond 	1159	77570	10.00	0.00	
bond 	1160	77571	10.00	0.00	
bond 	1145	77572	10.00	0.00	
bond 	1147	77574	10.00	0.00	
bond 	1159	77607	10.00	0.00	
bond 	1160	77608	10.00	0.00	
bond 	1145	77609	10.00	0.00	
bond 	1147	77611	10.00	0.00	
bond 	1159	77644	10.00	0.00	
bond 	1160	77645	10.00	0.00	
bond 	1145	77646	10.00	0.00	
bond 	1147	77648	10.00	0.00	
bond 	1159	77681	10.00	0.00	
bond 	1160	77682	10.00	0.00	
bond 	1145	77683	10.00	0.00	
bond 	1147	77685	10.00	0.00	
bond 	1159	77718	10.00	0.00	
bond 	1160	77719	10.00	0.00	
bond 	1145	77720	10.00	0.00	
bond 	1147	77722	10.00	0.00	
bond 	1159	77755	10.00	0.00	
bond 	1160	77756	10.00	0.00	
bond 	1145	77757	10.00	0.00	
bond 	1147	77759	10.00	0.00	
bond 	1159	77792	10.00	0.00	
bond 	1160	77793	10.00	0.00	
bond 	1145	77794	10.00	0.00	
bond 	1147	77796	10.00	0.00	
bond 	1159	77829	10.00	0.00	
bond 	1160	77830	10.00	0.00	
bond 	1145	77831	10.00	0.00	
bond 	1147	77833	10.00	0.00	
bond 	1159	77866	10.00	0.00	
bond 	1160	77867	10.00	0.00	
bond 	4658	77868	10.00	0.00	
bond 	4660	77870	10.00	0.00	
bond 	4677	77903	10.00	0.00	
bond 	4678	77904	10.00	0.00	
bond 	4658	77905	10.00	0.00	
bond 	4660	77907	10.00	0.00	
bond 	4677	77940	10.00	0.00	
bond 	4678	77941	10.00	0.00	
bond 	4658	77942	10.00	0.00	
bond 	4660	77944	10.00	0.00	
bond 	4677	77977	10.00	0.00	
bond 	4678	77978	10.00	0.00	
bond 	4658	77979	10.00	0.00	
bond 	4660	77981	10.00	0.00	
bond 	4677	78014	10.00	0.00	
bond 	4678	78015	10.00	0.00	
bond 	4658	78016	10.00	0.00	
bond 	4660	78018	10.00	0.00	
bond 	4677	78051	10.00	0.00	
bond 	4678	78052	10.00	0.00	
bond 	4658	78053	10.00	0.00	
bond 	4660	78055	10.00	0.00	
bond 	4677	78088	10.00	0.00	
bond 	4678	78089	10.00	0.00	
bond 	4658	78090	10.00	0.00	
bond 	4660	78092	10.00	0.00	
bond 	4677	78125	10.00	0.00	
bond 	4678	78126	10.00	0.00	
bond 	4658	78127	10.00	0.00	
bond 	4660	78129	10.00	0.00	
bond 	4677	78162	10.00	0.00	
bond 	4678	78163	10.00	0.00	
bond 	4658	78164	10.00	0.00	
bond 	4660	78166	10.00	0.00	
bond 	4677	78199	10.00	0.00	
bond 	4678	78200	10.00	0.00	
bond 	4658	78201	10.00	0.00	
bond 	4660	78203	10.00	0.00	
bond 	4677	78236	10.00	0.00	
bond 	4678	78237	10.00	0.00	
bond 	4658	78238	10.00	0.00	
bond 	4660	78240	10.00	0.00	
bond 	4677	78273	10.00	0.00	
bond 	4678	78274	10.00	0.00	
bond 	4658	78275	10.00	0.00	
bond 	4660	78277	10.00	0.00	
bond 	4677	78310	10.00	0.00	
bond 	4678	78311	10.00	0.00	
bond 	4658	78312	10.00	0.00	
bond 	4660	78314	10.00	0.00	
bond 	4677	78347	10.00	0.00	
bond 	4678	78348	10.00	0.00	
bond 	4658	78349	10.00	0.00	
bond 	4660	78351	10.00	0.00	
bond 	4677	78384	10.00	0.00	
bond 	4678	78385	10.00	0.00	
bond 	4658	78386	10.00	0.00	
bond 	4660	78388	10.00	0.00	
bond 	4677	78421	10.00	0.00	
bond 	4678	78422	10.00	0.00	
bond 	4658	78423	10.00	0.00	
bond 	4660	78425	10.00	0.00	
bond 	4677	78458	10.00	0.00	
bond 	4678	78459	10.00	0.00	
bond 	4658	78460	10.00	0.00	
bond 	4660	78462	10.00	0.00	
bond 	4677	78495	10.00	0.00	
bond 	4678	78496	10.00	0.00	
bond 	4658	78497	10.00	0.00	
bond 	4660	78499	10.00	0.00	
bond 	4677	78532	10.00	0.00	
bond 	4678	78533	10.00	0.00	
bond 	4658	78534	10.00	0.00	
bond 	4660	78536	10.00	0.00	
bond 	4677	78569	10.00	0.00	
bond 	4678	78570	10.00	0.00	
bond 	4658	78571	10.00	0.00	
bond 	4660	78573	10.00	0.00	
bond 	4677	78606	10.00	0.00	
bond 	4678	78607	10.00	0.00	
bond 	4658	78608	10.00	0.00	
bond 	4660	78610	10.00	0.00	
bond 	4677	78643	10.00	0.00	
bond 	4678	78644	10.00	0.00	
bond 	4658	78645	10.00	0.00	
bond 	4660	78647	10.00	0.00	
bond 	4677	78680	10.00	0.00	
bond 	4678	78681	10.00	0.00	
bond 	4658	78682	10.00	0.00	
bond 	4660	78684	10.00	0.00	
bond 	4677	78717	10.00	0.00	
bond 	4678	78718	10.00	0.00	
bond 	4658	78719	10.00	0.00	
bond 	4660	78721	10.00	0.00	
bond 	4677	78754	10.00	0.00	
bond 	4678	78755	10.00	0.00	
bond 	4658	78756	10.00	0.00	
bond 	4660	78758	10.00	0.00	
bond 	4677	78791	10.00	0.00	
bond 	4678	78792	10.00	0.00	
bond 	4973	78793	10.00	0.00	
bond 	4975	78795	10.00	0.00	
bond 	4987	78828	10.00	0.00	
bond 	4988	78829	10.00	0.00	
bond 	4973	78830	10.00	0.00	
bond 	4975	78832	10.00	0.00	
bond 	4987	78865	10.00	0.00	
bond 	4988	78866	10.00	0.00	
bond 	4973	78867	10.00	0.00	
bond 	4975	78869	10.00	0.00	
bond 	4987	78902	10.00	0.00	
bond 	4988	78903	10.00	0.00	
bond 	4973	78904	10.00	0.00	
bond 	4975	78906	10.00	0.00	
bond 	4987	78939	10.00	0.00	
bond 	4988	78940	10.00	0.00	
bond 	4973	78941	10.00	0.00	
bond 	4975	78943	10.00	0.00	
bond 	4987	78976	10.00	0.00	
bond 	4988	78977	10.00	0.00	
bond 	4973	78978	10.00	0.00	
bond 	4975	78980	10.00	0.00	
bond 	4987	79013	10.00	0.00	
bond 	4988	79014	10.00	0.00	
bond 	4973	79015	10.00	0.00	
bond 	4975	79017	10.00	0.00	
bond 	4987	79050	10.00	0.00	
bond 	4988	79051	10.00	0.00	
bond 	4973	79052	10.00	0.00	
bond 	4975	79054	10.00	0.00	
bond 	4987	79087	10.00	0.00	
bond 	4988	79088	10.00	0.00	
bond 	4973	79089	10.00	0.00	
bond 	4975	79091	10.00	0.00	
bond 	4987	79124	10.00	0.00	
bond 	4988	79125	10.00	0.00	
bond 	4973	79126	10.00	0.00	
bond 	4975	79128	10.00	0.00	
bond 	4987	79161	10.00	0.00	
bond 	4988	79162	10.00	0.00	
bond 	4973	79163	10.00	0.00	
bond 	4975	79165	10.00	0.00	
bond 	4987	79198	10.00	0.00	
bond 	4988	79199	10.00	0.00	
bond 	4973	79200	10.00	0.00	
bond 	4975	79202	10.00	0.00	
bond 	4987	79235	10.00	0.00	
bond 	4988	79236	10.00	0.00	
bond 	4973	79237	10.00	0.00	
bond 	4975	79239	10.00	0.00	
bond 	4987	79272	10.00	0.00	
bond 	4988	79273	10.00	0.00	
bond 	4973	79274	10.00	0.00	
bond 	4975	79276	10.00	0.00	
bond 	4987	79309	10.00	0.00	
bond 	4988	79310	10.00	0.00	
bond 	4973	79311	10.00	0.00	
bond 	4975	79313	10.00	0.00	
bond 	4987	79346	10.00	0.00	
bond 	4988	79347	10.00	0.00	
bond 	4973	79348	10.00	0.00	
bond 	4975	79350	10.00	0.00	
bond 	4987	79383	10.00	0.00	
bond 	4988	79384	10.00	0.00	
bond 	4973	79385	10.00	0.00	
bond 	4975	79387	10.00	0.00	
bond 	4987	79420	10.00	0.00	
bond 	4988	79421	10.00	0.00	
bond 	4973	79422	10.00	0.00	
bond 	4975	79424	10.00	0.00	
bond 	4987	79457	10.00	0.00	
bond 	4988	79458	10.00	0.00	
bond 	4973	79459	10.00	0.00	
bond 	4975	79461	10.00	0.00	
bond 	4987	79494	10.00	0.00	
bond 	4988	79495	10.00	0.00	
bond 	4973	79496	10.00	0.00	
bond 	4975	79498	10.00	0.00	
bond 	4987	79531	10.00	0.00	
bond 	4988	79532	10.00	0.00	
bond 	4973	79533	10.00	0.00	
bond 	4975	79535	10.00	0.00	
bond 	4987	79568	10.00	0.00	
bond 	4988	79569	10.00	0.00	
bond 	4973	79570	10.00	0.00	
bond 	4975	79572	10.00	0.00	
bond 	4987	79605	10.00	0.00	
bond 	4988	79606	10.00	0.00	
bond 	4973	79607	10.00	0.00	
bond 	4975	79609	10.00	0.00	
bond 	4987	79642	10.00	0.00	
bond 	4988	79643	10.00	0.00	
bond 	4973	79644	10.00	0.00	
bond 	4975	79646	10.00	0.00	
bond 	4987	79679	10.00	0.00	
bond 	4988	79680	10.00	0.00	
bond 	4973	79681	10.00	0.00	
bond 	4975	79683	10.00	0.00	
bond 	4987	79716	10.00	0.00	
bond 	4988	79717	10.00	0.00	
bond 	2744	79718	10.00	0.00	
bond 	2746	79720	10.00	0.00	
bond 	2763	79753	10.00	0.00	
bond 	2764	79754	10.00	0.00	
bond 	2744	79755	10.00	0.00	
bond 	2746	79757	10.00	0.00	
bond 	2763	79790	10.00	0.00	
bond 	2764	79791	10.00	0.00	
bond 	2744	79792	10.00	0.00	
bond 	2746	79794	10.00	0.00	
bond 	2763	79827	10.00	0.00	
bond 	2764	79828	10.00	0.00	
bond 	2744	79829	10.00	0.00	
bond 	2746	79831	10.00	0.00	
bond 	2763	79864	10.00	0.00	
bond 	2764	79865	10.00	0.00	
bond 	2744	79866	10.00	0.00	
bond 	2746	79868	10.00	0.00	
bond 	2763	79901	10.00	0.00	
bond 	2764	79902	10.00	0.00	
bond 	2744	79903	10.00	0.00	
bond 	2746	79905	10.00	0.00	
bond 	2763	79938	10.00	0.00	
bond 	2764	79939	10.00	0.00	
bond 	2744	79940	10.00	0.00	
bond 	2746	79942	10.00	0.00	
bond 	2763	79975	10.00	0.00	
bond 	2764	79976	10.00	0.00	
bond 	2744	79977	10.00	0.00	
bond 	2746	79979	10.00	0.00	
bond 	2763	80012	10.00	0.00	
bond 	2764	80013	10.00	0.00	
bond 	2744	80014	10.00	0.00	
bond 	2746	80016	10.00	0.00	
bond 	2763	80049	10.00	0.00	
bond 	2764	80050	10.00	0.00	
bond 	2744	80051	10.00	0.00	
bond 	2746	80053	10.00	0.00	
bond 	2763	80086	10.00	0.00	
bond 	2764	80087	10.00	0.00	
bond 	2744	80088	10.00	0.00	
bond 	2746	80090	10.00	0.00	
bond 	2763	80123	10.00	0.00	
bond 	2764	80124	10.00	0.00	
bond 	2744	80125	10.00	0.00	
bond 	2746	80127	10.00	0.00	
bond 	2763	80160	10.00	0.00	
bond 	2764	80161	10.00	0.00	
bond 	2744	80162	10.00	0.00	
bond 	2746	80164	10.00	0.00	
bond 	2763	80197	10.00	0.00	
bond 	2764	80198	10.00	0.00	
bond 	2744	80199	10.00	0.00	
bond 	2746	80201	10.00	0.00	
bond 	2763	80234	10.00	0.00	
bond 	2764	80235	10.00	0.00	
bond 	2744	80236	10.00	0.00	
bond 	2746	80238	10.00	0.00	
bond 	2763	80271	10.00	0.00	
bond 	2764	80272	10.00	0.00	
bond 	2744	80273	10.00	0.00	
bond 	2746	80275	10.00	0.00	
bond 	2763	80308	10.00	0.00	
bond 	2764	80309	10.00	0.00	
bond 	2744	80310	10.00	0.00	
bond 	2746	80312	10.00	0.00	
bond 	2763	80345	10.00	0.00	
bond 	2764	80346	10.00	0.00	
bond 	2744	80347	10.00	0.00	
bond 	2746	80349	10.00	0.00	
bond 	2763	80382	10.00	0.00	
bond 	2764	80383	10.00	0.00	
bond 	2744	80384	10.00	0.00	
bond 	2746	80386	10.00	0.00	
bond 	2763	80419	10.00	0.00	
bond 	2764	80420	10.00	0.00	
bond 	2744	80421	10.00	0.00	
bond 	2746	80423	10.00	0.00	
bond 	2763	80456	10.00	0.00	
bond 	2764	80457	10.00	0.00	
bond 	2744	80458	10.00	0.00	
bond 	2746	80460	10.00	0.00	
bond 	2763	80493	10.00	0.00	
bond 	2764	80494	10.00	0.00	
bond 	2744	80495	10.00	0.00	
bond 	2746	80497	10.00	0.00	
bond 	2763	80530	10.00	0.00	
bond 	2764	80531	10.00	0.00	
bond 	2744	80532	10.00	0.00	
bond 	2746	80534	10.00	0.00	
bond 	2763	80567	10.00	0.00	
bond 	2764	80568	10.00	0.00	
bond 	2744	80569	10.00	0.00	
bond 	2746	80571	10.00	0.00	
bond 	2763	80604	10.00	0.00	
bond 	2764	80605	10.00	0.00	
bond 	2744	80606	10.00	0.00	
bond 	2746	80608	10.00	0.00	
bond 	2763	80641	10.00	0.00	
bond 	2764	80642	10.00	0.00	
bond 	3059	80643	10.00	0.00	
bond 	3061	80645	10.00	0.00	
bond 	3073	80678	10.00	0.00	
bond 	3074	80679	10.00	0.00	
bond 	3059	80680	10.00	0.00	
bond 	3061	80682	10.00	0.00	
bond 	3073	80715	10.00	0.00	
bond 	3074	80716	10.00	0.00	
bond 	3059	80717	10.00	0.00	
bond 	3061	80719	10.00	0.00	
bond 	3073	80752	10.00	0.00	
bond 	3074	80753	10.00	0.00	
bond 	3059	80754	10.00	0.00	
bond 	3061	80756	10.00	0.00	
bond 	3073	80789	10.00	0.00	
bond 	3074	80790	10.00	0.00	
bond 	3059	80791	10.00	0.00	
bond 	3061	80793	10.00	0.00	
bond 	3073	80826	10.00	0.00	
bond 	3074	80827	10.00	0.00	
bond 	3059	80828	10.00	0.00	
bond 	3061	80830	10.00	0.00	
bond 	3073	80863	10.00	0.00	
bond 	3074	80864	10.00	0.00	
bond 	3059	80865	10.00	0.00	
bond 	3061	80867	10.00	0.00	
bond 	3073	80900	10.00	0.00	
bond 	3074	80901	10.00	0.00	
bond 	3059	80902	10.00	0.00	
bond 	3061	80904	10.00	0.00	
bond 	3073	80937	10.00	0.00	
bond 	3074	80938	10.00	0.00	
bond 	3059	80939	10.00	0.00	
bond 	3061	80941	10.00	0.00	
bond 	3073	80974	10.00	0.00	
bond 	3074	80975	10.00	0.00	
bond 	3059	80976	10.00	0.00	
bond 	3061	80978	10.00	0.00	
bond 	3073	81011	10.00	0.00	
bond 	3074	81012	10.00	0.00	
bond 	3059	81013	10.00	0.00	
bond 	3061	81015	10.00	0.00	
bond 	3073	81048	10.00	0.00	
bond 	3074	81049	10.00	0.00	
bond 	3059	81050	10.00	0.00	
bond 	3061	81052	10.00	0.00	
bond 	3073	81085	10.00	0.00	
bond 	3074	81086	10.00	0.00	
bond 	3059	81087	10.00	0.00	
bond 	3061	81089	10.00	0.00	
bond 	3073	81122	10.00	0.00	
bond 	3074	81123	10.00	0.00	
bond 	3059	81124	10.00	0.00	
bond 	3061	81126	10.00	0.00	
bond 	3073	81159	10.00	0.00	
bond 	3074	81160	10.00	0.00	
bond 	3059	81161	10.00	0.00	
bond 	3061	81163	10.00	0.00	
bond 	3073	81196	10.00	0.00	
bond 	3074	81197	10.00	0.00	
bond 	3059	81198	10.00	0.00	
bond 	3061	81200	10.00	0.00	
bond 	3073	81233	10.00	0.00	
bond 	3074	81234	10.00	0.00	
bond 	3059	81235	10.00	0.00	
bond 	3061	81237	10.00	0.00	
bond 	3073	81270	10.00	0.00	
bond 	3074	81271	10.00	0.00	
bond 	3059	81272	10.00	0.00	
bond 	3061	81274	10.00	0.00	
bond 	3073	81307	10.00	0.00	
bond 	3074	81308	10.00	0.00	
bond 	3059	81309	10.00	0.00	
bond 	3061	81311	10.00	0.00	
bond 	3073	81344	10.00	0.00	
bond 	3074	81345	10.00	0.00	
bond 	3059	81346	10.00	0.00	
bond 	3061	81348	10.00	0.00	
bond 	3073	81381	10.00	0.00	
bond 	3074	81382	10.00	0.00	
bond 	3059	81383	10.00	0.00	
bond 	3061	81385	10.00	0.00	
bond 	3073	81418	10.00	0.00	
bond 	3074	81419	10.00	0.00	
bond 	3059	81420	10.00	0.00	
bond 	3061	81422	10.00	0.00	
bond 	3073	81455	10.00	0.00	
bond 	3074	81456	10.00	0.00	
bond 	3059	81457	10.00	0.00	
bond 	3061	81459	10.00	0.00	
bond 	3073	81492	10.00	0.00	
bond 	3074	81493	10.00	0.00	
bond 	3059	81494	10.00	0.00	
bond 	3061	81496	10.00	0.00	
bond 	3073	81529	10.00	0.00	
bond 	3074	81530	10.00	0.00	
bond 	3059	81531	10.00	0.00	
bond 	3061	81533	10.00	0.00	
bond 	3073	81566	10.00	0.00	
bond 	3074	81567	10.00	0.00	
bond 	6572	81568	10.00	0.00	
bond 	6574	81570	10.00	0.00	
bond 	6591	81603	10.00	0.00	
bond 	6592	81604	10.00	0.00	
bond 	6572	81605	10.00	0.00	
bond 	6574	81607	10.00	0.00	
bond 	6591	81640	10.00	0.00	
bond 	6592	81641	10.00	0.00	
bond 	6572	81642	10.00	0.00	
bond 	6574	81644	10.00	0.00	
bond 	6591	81677	10.00	0.00	
bond 	6592	81678	10.00	0.00	
bond 	6572	81679	10.00	0.00	
bond 	6574	81681	10.00	0.00	
bond 	6591	81714	10.00	0.00	
bond 	6592	81715	10.00	0.00	
bond 	6572	81716	10.00	0.00	
bond 	6574	81718	10.00	0.00	
bond 	6591	81751	10.00	0.00	
bond 	6592	81752	10.00	0.00	
bond 	6572	81753	10.00	0.00	
bond 	6574	81755	10.00	0.00	
bond 	6591	81788	10.00	0.00	
bond 	6592	81789	10.00	0.00	
bond 	6572	81790	10.00	0.00	
bond 	6574	81792	10.00	0.00	
bond 	6591	81825	10.00	0.00	
bond 	6592	81826	10.00	0.00	
bond 	6572	81827	10.00	0.00	
bond 	6574	81829	10.00	0.00	
bond 	6591	81862	10.00	0.00	
bond 	6592	81863	10.00	0.00	
bond 	6572	81864	10.00	0.00	
bond 	6574	81866	10.00	0.00	
bond 	6591	81899	10.00	0.00	
bond 	6592	81900	10.00	0.00	
bond 	6572	81901	10.00	0.00	
bond 	6574	81903	10.00	0.00	
bond 	6591	81936	10.00	0.00	
bond 	6592	81937	10.00	0.00	
bond 	6572	81938	10.00	0.00	
bond 	6574	81940	10.00	0.00	
bond 	6591	81973	10.00	0.00	
bond 	6592	81974	10.00	0.00	
bond 	6572	81975	10.00	0.00	
bond 	6574	81977	10.00	0.00	
bond 	6591	82010	10.00	0.00	
bond 	6592	82011	10.00	0.00	
bond 	6572	82012	10.00	0.00	
bond 	6574	82014	10.00	0.00	
bond 	6591	82047	10.00	0.00	
bond 	6592	82048	10.00	0.00	
bond 	6572	82049	10.00	0.00	
bond 	6574	82051	10.00	0.00	
bond 	6591	82084	10.00	0.00	
bond 	6592	82085	10.00	0.00	
bond 	6572	82086	10.00	0.00	
bond 	6574	82088	10.00	0.00	
bond 	6591	82121	10.00	0.00	
bond 	6592	82122	10.00	0.00	
bond 	6572	82123	10.00	0.00	
bond 	6574	82125	10.00	0.00	
bond 	6591	82158	10.00	0.00	
bond 	6592	82159	10.00	0.00	
bond 	6572	82160	10.00	0.00	
bond 	6574	82162	10.00	0.00	
bond 	6591	82195	10.00	0.00	
bond 	6592	82196	10.00	0.00	
bond 	6572	82197	10.00	0.00	
bond 	6574	82199	10.00	0.00	
bond 	6591	82232	10.00	0.00	
bond 	6592	82233	10.00	0.00	
bond 	6572	82234	10.00	0.00	
bond 	6574	82236	10.00	0.00	
bond 	6591	82269	10.00	0.00	
bond 	6592	82270	10.00	0.00	
bond 	6572	82271	10.00	0.00	
bond 	6574	82273	10.00	0.00	
bond 	6591	82306	10.00	0.00	
bond 	6592	82307	10.00	0.00	
bond 	6572	82308	10.00	0.00	
bond 	6574	82310	10.00	0.00	
bond 	6591	82343	10.00	0.00	
bond 	6592	82344	10.00	0.00	
bond 	6572	82345	10.00	0.00	
bond 	6574	82347	10.00	0.00	
bond 	6591	82380	10.00	0.00	
bond 	6592	82381	10.00	0.00	
bond 	6572	82382	10.00	0.00	
bond 	6574	82384	10.00	0.00	
bond 	6591	82417	10.00	0.00	
bond 	6592	82418	10.00	0.00	
bond 	6572	82419	10.00	0.00	
bond 	6574	82421	10.00	0.00	
bond 	6591	82454	10.00	0.00	
bond 	6592	82455	10.00	0.00	
bond 	6572	82456	10.00	0.00	
bond 	6574	82458	10.00	0.00	
bond 	6591	82491	10.00	0.00	
bond 	6592	82492	10.00	0.00	
bond 	6887	82493	10.00	0.00	
bond 	6889	82495	10.00	0.00	
bond 	6901	82528	10.00	0.00	
bond 	6902	82529	10.00	0.00	
bond 	6887	82530	10.00	0.00	
bond 	6889	82532	10.00	0.00	
bond 	6901	82565	10.00	0.00	
bond 	6902	82566	10.00	0.00	
bond 	6887	82567	10.00	0.00	
bond 	6889	82569	10.00	0.00	
bond 	6901	82602	10.00	0.00	
bond 	6902	82603	10.00	0.00	
bond 	6887	82604	10.00	0.00	
bond 	6889	82606	10.00	0.00	
bond 	6901	82639	10.00	0.00	
bond 	6902	82640	10.00	0.00	
bond 	6887	82641	10.00	0.00	
bond 	6889	82643	10.00	0.00	
bond 	6901	82676	10.00	0.00	
bond 	6902	82677	10.00	0.00	
bond 	6887	82678	10.00	0.00	
bond 	6889	82680	10.00	0.00	
bond 	6901	82713	10.00	0.00	
bond 	6902	82714	10.00	0.00	
bond 	6887	82715	10.00	0.00	
bond 	6889	82717	10.00	0.00	
bond 	6901	82750	10.00	0.00	
bond 	6902	82751	10.00	0.00	
bond 	6887	82752	10.00	0.00	
bond 	6889	82754	10.00	0.00	
bond 	6901	82787	10.00	0.00	
bond 	6902	82788	10.00	0.00	
bond 	6887	82789	10.00	0.00	
bond 	6889	82791	10.00	0.00	
bond 	6901	82824	10.00	0.00	
bond 	6902	82825	10.00	0.00	
bond 	6887	82826	10.00	0.00	
bond 	6889	82828	10.00	0.00	
bond 	6901	82861	10.00	0.00	
bond 	6902	82862	10.00	0.00	
bond 	6887	82863	10.00	0.00	
bond 	6889	82865	10.00	0.00	
bond 	6901	82898	10.00	0.00	
bond 	6902	82899	10.00	0.00	
bond 	6887	82900	10.00	0.00	
bond 	6889	82902	10.00	0.00	
bond 	6901	82935	10.00	0.00	
bond 	6902	82936	10.00	0.00	
bond 	6887	82937	10.00	0.00	
bond 	6889	82939	10.00	0.00	
bond 	6901	82972	10.00	0.00	
bond 	6902	82973	10.00	0.00	
bond 	6887	82974	10.00	0.00	
bond 	6889	82976	10.00	0.00	
bond 	6901	83009	10.00	0.00	
bond 	6902	83010	10.00	0.00	
bond 	6887	83011	10.00	0.00	
bond 	6889	83013	10.00	0.00	
bond 	6901	83046	10.00	0.00	
bond 	6902	83047	10.00	0.00	
bond 	6887	83048	10.00	0.00	
bond 	6889	83050	10.00	0.00	
bond 	6901	83083	10.00	0.00	
bond 	6902	83084	10.00	0.00	
bond 	6887	83085	10.00	0.00	
bond 	6889	83087	10.00	0.00	
bond 	6901	83120	10.00	0.00	
bond 	6902	83121	10.00	0.00	
bond 	6887	83122	10.00	0.00	
bond 	6889	83124	10.00	0.00	
bond 	6901	83157	10.00	0.00	
bond 	6902	83158	10.00	0.00	
bond 	6887	83159	10.00	0.00	
bond 	6889	83161	10.00	0.00	
bond 	6901	83194	10.00	0.00	
bond 	6902	83195	10.00	0.00	
bond 	6887	83196	10.00	0.00	
bond 	6889	83198	10.00	0.00	
bond 	6901	83231	10.00	0.00	
bond 	6902	83232	10.00	0.00	
bond 	6887	83233	10.00	0.00	
bond 	6889	83235	10.00	0.00	
bond 	6901	83268	10.00	0.00	
bond 	6902	83269	10.00	0.00	
bond 	6887	83270	10.00	0.00	
bond 	6889	83272	10.00	0.00	
bond 	6901	83305	10.00	0.00	
bond 	6902	83306	10.00	0.00	
bond 	6887	83307	10.00	0.00	
bond 	6889	83309	10.00	0.00	
bond 	6901	83342	10.00	0.00	
bond 	6902	83343	10.00	0.00	
bond 	6887	83344	10.00	0.00	
bond 	6889	83346	10.00	0.00	
bond 	6901	83379	10.00	0.00	
bond 	6902	83380	10.00	0.00	
bond 	6887	83381	10.00	0.00	
bond 	6889	83383	10.00	0.00	
bond 	6901	83416	10.00	0.00	
bond 	6902	83417	10.00	0.00	
